X: 0.04720754
Y: 0.02566603
